adc_precision=15

quant_degree=1

tensor([[14273, 14120, 14364,  ..., 14283, 14252, 14224],
        [13370, 13013, 13378,  ..., 13277, 13127, 13335],
        [12376, 12251, 12835,  ..., 12503, 12462, 12446],
        ...,
        [10174,  9737, 10765,  ..., 10099, 10009, 10160],
        [11864, 11759, 12397,  ..., 11944, 11871, 11938],
        [16272, 16240, 16719,  ..., 16311, 16164, 16256]], device='cuda:1',
       dtype=torch.int32)

max=18,372
accuracy=89.0

adc_precision=14

quant_degree=1

tensor([[14273, 14120, 14364,  ..., 14283, 14252, 14224],
        [13370, 13013, 13378,  ..., 13277, 13127, 13335],
        [12376, 12251, 12835,  ..., 12503, 12462, 12446],
        ...,
        [10174,  9737, 10765,  ..., 10099, 10009, 10160],
        [11864, 11759, 12397,  ..., 11944, 11871, 11938],
        [16272, 16240, 16384,  ..., 16311, 16164, 16256]], device='cuda:1',
       dtype=torch.int32)

max=16,384
accuracy=73.4 

quant_degree=2

tensor([[14272, 14120, 14364,  ..., 14282, 14252, 14224],
        [13370, 13012, 13378,  ..., 13276, 13126, 13334],
        [12376, 12250, 12834,  ..., 12502, 12462, 12446],
        ...,
        [10174,  9736, 10764,  ..., 10098, 10008, 10160],
        [11864, 11758, 12396,  ..., 11944, 11870, 11938],
        [16272, 16240, 16718,  ..., 16310, 16164, 16256]], device='cuda:1',
       dtype=torch.int32)

max=18,372
accuracy=0.00

adc_precision=13

quant_degree=1

tensor([[8192, 8192, 8192,  ..., 8192, 8192, 8192],
        [8192, 8192, 8192,  ..., 8192, 8192, 8192],
        [8192, 8192, 8192,  ..., 8192, 8192, 8192],
        ...,
        [8192, 8192, 8192,  ..., 8192, 8192, 8192],
        [8192, 8192, 8192,  ..., 8192, 8192, 8192],
        [8192, 8192, 8192,  ..., 8192, 8192, 8192]], device='cuda:1',
       dtype=torch.int32)

max=8,192
accuracy=0

quant_degree=2

tensor([[14272, 14120, 14364,  ..., 14282, 14252, 14224],
        [13370, 13012, 13378,  ..., 13276, 13126, 13334],
        [12376, 12250, 12834,  ..., 12502, 12462, 12446],
        ...,
        [10174,  9736, 10764,  ..., 10098, 10008, 10160],
        [11864, 11758, 12396,  ..., 11944, 11870, 11938],
        [16272, 16240, 16384,  ..., 16310, 16164, 16256]], device='cuda:1',
       dtype=torch.int32)

max=16,384
accuracy=73.6